$coord
         -5.189255704979          2.202855148197         -0.615718373084     si
         -6.066367058365         -0.061102133527         -3.258593135125     c 
         -5.522900648452          0.679919070974         -5.092112241369     h 
         -8.090069298329         -0.381349863560         -3.297334416071     h 
         -5.142427118278         -1.875530277510         -3.025647100747     h 
         -6.668420028291          1.196686897128          2.516790536880     c 
         -8.714834848723          1.315228854316          2.445154896868     h 
         -6.038302148131          2.378568450768          4.072955542156     h 
         -6.184051738731         -0.741573185703          2.991057011029     h 
         -6.196145879549          5.570426364882         -1.411317752959     c 
         -2.103486657382          1.879228559443         -0.592630498143     o 
         -5.059696174964          6.332957032016         -2.942143396903     h 
         -5.994085940503          6.840161757896          0.188786827121     h 
         -8.158632670648          5.641475610271         -2.003214949373     h 
         -0.191548829593          2.888049230989          0.783121691775     c 
         -0.495270418272          4.635280198359          2.552160504025     c 
         -2.337252573741          5.374336657437          2.974868253220     h 
          1.089430699460          5.386808647635          3.565487110123     h 
          2.288814536929          1.769739529246          0.088853911636     c 
          4.651012192209          2.560819809226          1.440867831887     c 
          6.258005114770          0.599414583499          1.571739933798     o 
          2.634270044030          0.801960002401         -2.612779626245     c 
          0.695544416440         -3.005255974907          0.061738771239     c 
         -0.282047419422         -4.404679888739         -1.776068467681     c 
         -0.024134541420         -3.318057497595          2.792497501688     c 
          5.130852149807          4.571923805834          2.365380482525     o 
         -2.182258463449         -6.453984281562         -1.347732049370     c 
         -1.364274350716         -5.829096756161          3.251616052247     c 
         -1.263102107600         -1.747374718823          3.319259865966     h 
          1.664833707140         -3.174363697903          3.974647032641     h 
         -3.402203880038         -6.229014872635          1.254659395039     c 
         -1.231456648950         -8.285349321889         -1.523206059913     h 
         -3.624151388894         -6.385735353405         -2.825352435401     h 
         -2.192071330503         -5.845774515330          5.140745537705     h 
          0.003156932140         -7.371560187790          3.142586448254     h 
         -4.497272692519         -7.926909329399          1.671050500167     h 
         -4.688622633180         -4.616253848852          1.263962002071     h 
          5.244087367057          0.907633288513         -3.798001447001     c 
          2.600380378779         -1.031241344724         -0.469104941320     c 
          0.997566110267          1.015147676414         -3.812852775080     h 
          5.413075504416         -1.474436442148          0.073924283141     c 
          6.672380669003         -1.278671362976         -2.524541992035     c 
          6.375165782445         -3.039004277319         -3.552282507000     h 
          8.691764799568         -0.927100627113         -2.352220419865     h 
          6.171149585679          2.711024126585         -3.416948464301     h 
          5.137917112122          0.663004316928         -5.838881678136     h 
          5.849342371401         -3.213368081614          1.091614855672     h 
          0.317047043934         -4.112555955825         -3.708313048259     h 
$end
