   186
         72          1         72
         47         73        119
         32        120        151
          1        152        152
         18        153        170
          2        171        172
         28        173        200
          2        201        202
          1        203        203
         29        204        232
         24        233        256
          6        257        262
          4        263        266
          1        267        267
         30        268        297
         51        298        348
         29        349        377
         38        378        415
          7        416        422
          7        423        429
         12        430        441
          3        442        444
          1        445        445
          2        446        447
         11        448        458
          1        459        459
          4        460        463
         12        464        475
          4        476        479
         56        480        535
          6        536        541
          8        542        549
          1        550        550
          3        551        553
          6        554        559
          4        560        563
          3        564        566
          5        567        571
         38        572        609
          3        610        612
          3        613        615
          5        616        620
         33        621        653
          1        654        654
          4        655        658
          1        659        659
          6        660        665
          5        666        670
         28        671        698
          6        699        704
          1        705        705
          1        706        706
          2        707        708
         15        709        723
         14        724        737
          1        738        738
         18        739        756
          2        757        758
         13        759        771
         15        772        786
          2        787        788
          1        789        789
          1        790        790
          1        791        791
          1        792        792
          2        793        794
          2        795        796
          2        797        798
          2        799        800
          1        801        801
          1        802        802
          1        803        803
         28        804        831
          3        832        834
          1        835        835
          1        836        836
          1        837        837
          1        838        838
          2        839        840
          1        841        841
          4        842        845
          4        846        849
          3        850        852
          1        853        853
          2        854        855
         10        856        865
          3        866        868
          2        869        870
          3        871        873
          1        874        874
          1        875        875
          8        876        883
          2        884        885
          2        886        887
         10        888        897
         16        898        913
          4        914        917
          2        918        919
         14        920        933
          2        934        935
          2        936        937
          1        938        938
          1        939        939
          1        940        940
          1        941        941
          6        942        947
          4        948        951
          1        952        952
         10        953        962
          4        963        966
          2        967        968
         28        969        996
         11        997       1007
          1       1008       1008
          1       1009       1009
          1       1010       1010
          7       1011       1017
          1       1018       1018
          1       1019       1019
          1       1020       1020
          1       1021       1021
          1       1022       1022
          1       1023       1023
          4       1024       1027
          3       1028       1030
          1       1031       1031
          2       1032       1033
          1       1034       1034
          6       1035       1040
          1       1041       1041
          1       1042       1042
          1       1043       1043
          2       1044       1045
          1       1046       1046
          1       1047       1047
          2       1048       1049
          7       1050       1056
         10       1057       1066
          1       1067       1067
          2       1068       1069
         10       1070       1079
          1       1080       1080
          4       1081       1084
          6       1085       1090
          2       1091       1092
          1       1093       1093
          2       1094       1095
          1       1096       1096
          7       1097       1103
          1       1104       1104
          1       1105       1105
          1       1106       1106
          2       1107       1108
          2       1109       1110
          1       1111       1111
          5       1112       1116
          4       1117       1120
          1       1121       1121
          6       1122       1127
          3       1128       1130
          1       1131       1131
          1       1132       1132
          3       1133       1135
          1       1136       1136
          1       1137       1137
          1       1138       1138
          3       1139       1141
          1       1142       1142
          2       1143       1144
          4       1145       1148
          1       1149       1149
          1       1150       1150
          4       1151       1154
          4       1155       1158
          6       1159       1164
         11       1165       1175
          2       1176       1177
          2       1178       1179
          1       1180       1180
          1       1181       1181
          6       1182       1187
          1       1188       1188
          1       1189       1189
          1       1190       1190
          1       1191       1191
          1       1192       1192
