           1           2  0.962432009120860     
           2           3  0.962129274726676     
           2           4  0.959369324847892     
           2           5  0.956910303746347     
           1           6  0.951572804723433     
           6           7  0.961989117833375     
           6           8  0.959693612387105     
           6           9  0.960400453564620     
           1          10  0.955346000334359     
           1          11   1.01621161227977     
          10          12  0.960620917807578     
          10          13  0.959435617110366     
          10          14  0.959216988859764     
          11          15   1.09024322913921     
          11          16  0.112736177637541     
          15          16   1.79066929165217     
          16          17  0.969485402767263     
          16          18  0.972960512587300     
          15          19  0.996128394716338     
          19          20  0.952577832519237     
          20          21   1.18004623311201     
          19          22  0.914449945158502     
          23          24   1.87000949704519     
          23          25  0.997817758325447     
          20          26   1.66720911167717     
          21          26  0.171608635893935     
          24          27   1.01580233333235     
          25          28   1.00937053181547     
          25          29  0.953839047295761     
          25          30  0.965544477735121     
          27          31   1.00922659252981     
          28          31   1.01128654032307     
          27          32  0.960530402997145     
          27          33  0.969173282152224     
          28          34  0.978841389462220     
          28          35  0.975619248394955     
          31          36  0.979297592422137     
          31          37  0.976008031699382     
          22          38   1.00241434793820     
          19          39  0.868756006900053     
          22          39  0.955366167204187     
          23          39   1.02086980092521     
          22          40  0.970845078565252     
          21          41  0.953343893340096     
          39          41  0.959908805277584     
          38          42   1.00330505834704     
          41          42  0.989493793500172     
          42          43  0.974569746914996     
          42          44  0.975020109644860     
          38          45  0.972304134457122     
          38          46  0.978620394975054     
          41          47  0.969621767155801     
          24          48  0.967207219545684     
