 -1.0
 -0.73829468172450D+00 -0.52127133097667D+01 -0.44740531771490D+01 -0.47600137945301D-05  0.22008548845689D-03 -0.14463456114409D-03
 -0.13831205669537D+01 -0.46283656564168D+01 -0.72163054279379D+01 -0.34134065855497D-03  0.58339539697983D-03  0.18751205231564D-05
 -0.31071304893749D+01 -0.48702560669407D+01 -0.28397133093283D+01  0.13229226446318D-03  0.20182055936817D-03  0.61740056174977D-04
 -0.52315034146941D+01 -0.45296769044140D+01 -0.37089395794426D+01  0.46054424203429D-04 -0.18057370272648D-03  0.10418987357277D-03
  0.38017813295906D+01 -0.71007169742890D+01 -0.26444989158401D+01  0.29041498312052D-03 -0.23943804246408D-05 -0.81774082393935D-04
  0.90241781285008D+01 -0.62865133285269D+01 -0.25176969449926D+01 -0.15445673525708D-04 -0.66835514101769D-04  0.57230638773687D-03
  0.14252082381923D+01 -0.37832666188772D+01 -0.35805145377643D+01  0.82962931001995D-04 -0.53697213811710D-05  0.13291779483298D-04
  0.35621175314106D+01 -0.48053759580196D+01 -0.26393073290637D+01  0.20662302579902D-03 -0.89662587138319D-05 -0.26140480955252D-03
  0.54865488625339D+01 -0.30897563122927D+01 -0.13979132251886D+01 -0.10331633117117D-03 -0.64401819923104D-05  0.24491921211172D-03
  0.80484014480204D+01 -0.38311178266925D+01 -0.26618596361397D+01 -0.22196208588082D-03 -0.16518462970968D-03  0.92438148266776D-04
  0.48197475105034D+01 -0.44219206637623D+00 -0.13797097253123D+01  0.14127574864633D-03  0.58832941630380D-04  0.13875877489679D-03
 -0.25187541607311D+01 -0.47742384448276D+01 -0.39149044354128D+00  0.53797546886155D-04  0.80452545172895D-04  0.86271645598316D-04
 -0.42266899926443D+01 -0.42055530645819D+01  0.16824811500044D+01 -0.25754504201693D-05 -0.17930290483624D-04  0.67482748177885D-04
 -0.32974457793840D+01 -0.52859578108387D+01  0.41769074568570D+01  0.29733471669686D-03 -0.19938871119563D-03 -0.11634571545563D-03
 -0.42374480602923D+01 -0.12894284761810D+01  0.18620704078464D+01 -0.30371345082136D-03 -0.19417875156681D-04  0.12788629666529D-03
 -0.35089879897336D+01 -0.36902933917986D-01  0.36358732087117D+01  0.16290440202506D-03  0.50089409125386D-04 -0.96911369102054D-04
 -0.50796830048982D+01 -0.20429821709814D+00 -0.27818177099029D+00 -0.25486368994164D-03 -0.25212807706611D-03 -0.13012569799534D-04
 -0.52646493391924D+01  0.49395104262579D+01  0.34790163731404D+01 -0.20325307456138D-04  0.15131796419946D-03 -0.20888402208869D-03
 -0.17401228144736D+01  0.37868223510945D+01  0.12522995545655D+01  0.13218801273870D-03 -0.84320548614013D-04  0.13602615812030D-04
 -0.56987937844464D+01  0.24642074765753D+01 -0.26492369308711D+00  0.68021290894158D-05 -0.18805355078653D-03  0.18698250605268D-03
 -0.42070926521504D+01  0.38815203075682D+01  0.17727207677988D+01  0.13117440628247D-03 -0.48884890774656D-04  0.26232609254392D-05
 -0.50795625867045D+01  0.37859726178670D+01 -0.27430897278032D+01 -0.72979406896098D-04 -0.19361692033661D-03  0.16379065413783D-03
 -0.27796749793621D+00 -0.72311589022737D+01 -0.44090353656420D+01  0.59500597426815D-03  0.21898366302573D-03 -0.13895939162065D-02
 -0.16410436560039D+01 -0.26276209263958D+01 -0.76184964249867D+01 -0.73532258243161D-03  0.50371212494764D-03 -0.19315382824763D-03
 -0.30991979394192D+01 -0.55335545456727D+01 -0.78896923660606D+01 -0.17050646019819D-03  0.56009528102018D-03 -0.43617683373459D-03
  0.16741534352682D+00 -0.52563458721835D+01 -0.84093375023663D+01 -0.44784315118134D-03 -0.35368820539186D-03  0.27327735262532D-03
  0.77717621886426D+01 -0.76112536467666D+01 -0.22360293449388D+01  0.25168550654444D-04 -0.48153652060928D-03 -0.61583022034395D-03
  0.14267194703665D+01 -0.19810188836677D+01 -0.42030443938736D+01 -0.33476752439633D-03 -0.23124976329358D-03 -0.78485721798184D-03
  0.56468077887237D+01 -0.40713013689376D+01  0.42028498563322D+00 -0.37910092594152D-03 -0.73332038603397D-03 -0.82716340576347D-04
  0.94992109528972D+01 -0.26367995962710D+01 -0.17966278211515D+01 -0.12071341446059D-03 -0.19535973979354D-04 -0.25980063073166D-03
  0.79835233839922D+01 -0.31418368700249D+01 -0.46185115105376D+01 -0.54724501156435D-03  0.41605557301047D-03  0.28263557250830D-03
  0.60508277850261D+01  0.73640662449571D+00 -0.22695096017127D+01  0.24966051126776D-03  0.41372564393305D-03  0.70549222683657D-03
  0.43647103999660D+01  0.23715501565742D+00  0.35477981829379D+00 -0.69674252848629D-03 -0.11808609909336D-02  0.54785337304438D-03
 -0.70337441758931D+00 -0.42866334221758D+01 -0.36537084123644D-01 -0.26751669468194D-04  0.39148491945969D-03  0.10108506712398D-03
 -0.60727337360819D+01 -0.49958644859549D+01  0.11679578662094D+01  0.33912505218017D-04 -0.80579866320558D-04  0.31482948544347D-04
 -0.49028637406093D+01 -0.62538416347901D+01  0.50118808297209D+01 -0.58296122166510D-03  0.11145658273643D-02  0.26347246170713D-04
 -0.28323489713710D+01 -0.39503768604690D+01  0.56676117461055D+01  0.23634024268064D-03 -0.23452729798465D-03 -0.65309414553041D-04
 -0.17920330134265D+01 -0.66322133008297D+01  0.38022131043999D+01 -0.14258067896692D-03 -0.83467040399836D-03  0.20546471296644D-03
 -0.58773508793902D+01 -0.13734504963579D+01 -0.15683995348086D+01 -0.31025147476840D-03 -0.11328617281220D-03 -0.10708212614826D-03
 -0.76498034327320D+01  0.29304754344542D+01  0.25704084805917D+00  0.24762611082234D-04  0.30868064698822D-03 -0.12181197645730D-03
 -0.30525915314983D+01  0.36732617282035D+01 -0.30471613293187D+01 -0.82567363092912D-04 -0.15425068753268D-02 -0.31578961413912D-04
 -0.60170936648600D+01  0.56090327345891D+01 -0.26313367383265D+01  0.65340186741124D-03  0.20354770546375D-03  0.55129726420996D-03
 -0.56265650331804D+01  0.26880023256449D+01 -0.43916416688931D+01  0.22199803154801D-03  0.13018064979001D-03 -0.16870008010070D-03
 -0.37331564402455D-01  0.56586761900755D+01  0.19108257794125D+01  0.90233468600530D-05  0.18236527324178D-03 -0.38721709143137D-03
  0.23131451337428D+01  0.50348838560064D+01  0.29705882692940D+01 -0.60514636186458D-04 -0.44074794790223D-04 -0.36073225034516D-03
 -0.75145956378783D+00  0.81444731279087D+01  0.15296653952158D+01 -0.99282589870378D-04  0.20657498229234D-03 -0.58967782932089D-04
  0.39877540892500D+01  0.69961500827721D+01  0.34915109426977D+01 -0.92335663703846D-04 -0.91887913761274D-04 -0.59799354315327D-04
  0.33437512865363D+01  0.94572148143235D+01  0.29073465236364D+01  0.25850875772341D-04 -0.53618049170572D-04 -0.31732444105122D-04
  0.98786933928089D+00  0.10060513055065D+02  0.19374499779767D+01 -0.37149405326261D-04  0.98257074401773D-04  0.20682026655237D-03
 -0.26016643636571D+01  0.86549571277566D+01  0.84371943899842D+00 -0.35885459827554D-03  0.41768311711797D-03  0.69562316994654D-03
  0.47203393559633D+01  0.10909805225897D+02  0.33006800450490D+01  0.28792370170522D-03 -0.10643091741053D-03 -0.63840497260462D-03
  0.66926005182240D+00  0.12044318758868D+02  0.15872399542038D+01 -0.27919578974743D-03  0.23600917185933D-03  0.99916868683610D-03
  0.58435398913357D+01  0.67805099759456D+01  0.43123297910342D+01  0.34811876656958D-03  0.31769576573077D-03 -0.82813432560323D-03
  0.31208693703103D+01  0.24995265342376D+01  0.37070924022016D+01  0.77096691490977D-04  0.98067293553828D-04  0.15757571383979D-05
  0.51817498004506D+01  0.21296174571130D+01  0.46343391259611D+01  0.71012091853553D-04 -0.14761369301254D-03 -0.75516505485874D-04
  0.17363194693644D+01  0.96431838232659D+00  0.34596581778305D+01 -0.23256982324294D-03  0.42863494935007D-03 -0.51292491953528D-03
