           1           2  0.997062696041028     
           1           3  0.933849325440908     
           3           4   1.59903669706402     
           1           7  0.979888152852013     
           5           7  0.183112729539204     
           5           8   1.63991441570748     
           7           8   1.26068295608309     
           8           9  0.959371681378731     
           6          10   1.01886108921781     
           9          10  0.927974082525191     
           9          11   1.03280370797516     
           3          12   1.31639074494456     
           4          12  0.186222030017584     
          12          13  0.972332325886445     
          13          14   1.00932325385339     
          13          15  0.914237310710312     
          15          16   1.69143059872939     
          15          17   1.27046087115498     
          16          17  0.203028316065103     
          18          19  0.164137977857056     
          17          20  0.978276414837136     
          18          21   1.75888534754889     
          19          21   1.11712332344607     
          20          21  0.926415367158371     
          20          22   1.00372036476078     
           1          23  0.948687180993093     
           2          24  0.983405105078219     
           2          25  0.983201657681435     
           2          26  0.981369083518761     
           6          27  0.851055014886362     
           7          28  0.927634722641895     
           9          29  0.958621951045062     
          10          30  0.969478668312298     
          10          31  0.970541829154293     
          11          32  0.934584531479384     
          11          33  0.962503693769855     
          12          34  0.913011234364962     
          13          35  0.950974092575120     
          14          36  0.981242929099559     
          14          37  0.981737794381671     
          14          38  0.984877350449260     
          17          39  0.908365554925691     
          20          40  0.943173849746815     
          22          41  0.982363460538219     
          22          42  0.984095334611269     
          22          43  0.982251708677304     
          19          44  0.979772124896635     
          44          45   1.30859598371583     
          44          46   1.41653296859516     
          45          47   1.38050999651819     
          46          47  0.101365684993835     
          47          48   1.45155098688627     
          46          49   1.42529349495684     
          48          49   1.43158333057050     
          46          50  0.964807476712897     
          48          51  0.968729658763270     
          49          52  0.969141230118365     
          47          53  0.964988376797635     
          45          54   1.06971320305000     
          54          55   1.82681543281657     
          54          56  0.930429641480694     
