$coord
         -5.912350348350          0.940745890895          0.337110137915     si
         -7.503053943210         -2.021053143705         -0.918546204725     c 
         -7.076346576193         -2.304356271847         -2.904865846276     h 
         -9.537931205698         -1.876378040886         -0.729128005236     h 
         -6.902743217462         -3.703292136741          0.092149636400     h 
         -6.268803734310          1.268850270701          3.902792357517     c 
         -5.746033756439         -0.459586493758          4.883206566737     h 
         -8.201657305153          1.714217573333          4.423103984098     h 
         -5.065580838073          2.773020529643          4.612354436205     h 
         -6.870522492028          3.920359170196         -1.417009848647     c 
         -0.248638158790          0.337221854734         -5.280549473158     o 
         -8.872087272042          4.318171195225         -1.213444221885     h 
         -6.461552875307          3.746752843272         -3.422635178806     h 
         -5.828833035456          5.543130347665         -0.712094087339     h 
          1.110011493691         -0.449791873143         -3.644712973494     c 
          2.918936729254         -2.661669933814         -3.853257777555     c 
          2.263623830510         -4.034034265569         -5.240120098887     h 
          4.746804103411         -1.938085042619         -4.482303896619     h 
          1.446422326613          0.678014076228         -1.031876739186     c 
         -0.926367722982          1.759867517172          0.082134479097     c 
         -2.879300939160          0.274249129677         -0.366596561235     o 
          3.917510079893          2.311629535064         -1.166771799113     c 
          2.899751258208         -1.387616271909          0.546439071853     c 
          3.067164487756         -3.723586363670         -1.171315199372     c 
          2.081528503700         -1.967257546554          3.255227399605     c 
         -1.065950483964          3.685339665956          1.283564791125     o 
          0.822839772820         -5.509843193375         -0.776197555995     c 
         -0.126074336036         -3.804490210898          3.468213886780     c 
          1.624970746853         -0.190807546416          4.201770402228     h 
          3.721182864509         -2.780798187927          4.216181049428     h 
          0.455163102625         -6.202979758616          1.990660985886     c 
          1.115632379403         -7.209848032397         -1.910099369349     h 
         -0.889686850300         -4.575217803766         -1.455210224453     h 
         -1.837031051561         -2.942261001729          2.711323636998     h 
         -0.453157164388         -4.237498809567          5.459202058683     h 
          2.165448314994         -7.091509433909          2.731918288779     h 
         -1.095790382414         -7.550251494934          2.174081070490     h 
          4.481274672876          4.828743392148          0.134992022711     c 
          5.106018508429          0.420211613591          0.581211909219     c 
          4.657408388259          2.339502910424         -3.094870654873     h 
          6.752730622060          1.467491812101          2.144463495843     c 
          7.014935980242          4.237189859594          1.476513151945     c 
          8.614806891173          4.561474117198          0.207661017596     h 
          7.292291295737          5.390040364546          3.158982979163     h 
          3.029496784310          5.257467715260          1.527580307778     h 
          4.624079678140          6.403079134013         -1.180294615645     h 
          7.740390441759          0.620957862399          3.704896341540     h 
          4.836701854120         -4.732857400751         -0.821539791789     h 
$end
