   57
         82          1         82
         14         83         96
          3         97         99
         37        100        136
          1        137        137
         72        138        209
         26        210        235
         68        236        303
         75        304        378
         15        379        393
          1        394        394
          6        395        400
          1        401        401
          4        402        405
          2        406        407
          7        408        414
         30        415        444
         70        445        514
          1        515        515
          7        516        522
         63        523        585
         52        586        637
          2        638        639
          2        640        641
          3        642        644
         24        645        668
         11        669        679
          1        680        680
          1        681        681
          2        682        683
         60        684        743
         34        744        777
         40        778        817
          7        818        824
          2        825        826
         43        827        869
          1        870        870
         20        871        890
          1        891        891
          4        892        895
         50        896        945
          5        946        950
         12        951        962
         12        963        974
          2        975        976
          4        977        980
         11        981        991
          4        992        995
          2        996        997
          1        998        998
          3        999       1001
         43       1002       1044
          2       1045       1046
          1       1047       1047
          2       1048       1049
          1       1050       1050
          1       1051       1051
