           1           2  0.960621307214347     
           2           3  0.959378981634292     
           2           4  0.962173388058077     
           2           5  0.959582017945576     
           1           6  0.961400664018636     
           6           7  0.958583076742430     
           6           8  0.958917005562895     
           6           9  0.960273261622481     
           1          10  0.964712276577442     
          10          12  0.958721157703660     
          10          13  0.962016280255344     
          10          14  0.958976238759513     
          11          15   1.86094386204552     
          15          16  0.965587668285686     
          16          17  0.962581717755760     
          16          18  0.954167416584661     
          15          19  0.949101132846110     
          19          20  0.954128234044820     
           1          21  0.962911424237689     
          20          21   1.20017751675881     
          19          22  0.900547218186766     
          19          23  0.935144115410630     
          16          24  0.998411718749729     
          23          24  0.957634419513197     
          23          25  0.989655793300781     
          20          26   1.65078347787768     
          21          26  0.173470566836874     
          24          27   1.00091505172878     
          25          28   1.00296906642519     
          25          29  0.972858118680671     
          25          30  0.971253916884611     
          27          31   1.01175813648604     
          28          31   1.00796954714528     
          27          32  0.974641506344989     
          27          33  0.974267536974003     
          28          34  0.976765713043221     
          28          35  0.979395554111584     
          31          36  0.979337438269282     
          31          37  0.974232194201395     
          22          38  0.995004777447806     
          22          39  0.992020942900006     
          23          39  0.985976378575305     
          22          40  0.964156591951133     
          39          41   1.87955622346451     
          38          42  0.999750229136136     
          41          42   1.00200457678379     
          42          43  0.965776038004067     
          42          44  0.974398100462457     
          38          45  0.971579150267408     
          38          46  0.979300277709907     
          41          47  0.969171020851770     
          24          48  0.974951147596200     
