           1           2   1.00313458244742     
           1           3  0.941767629284424     
           3           4   1.56388538180063     
           1           7  0.947213766477685     
           5           7  0.157749855095643     
           5           8   1.60624730452703     
           7           8   1.23943220118525     
           8           9  0.967438394361413     
           6          10   1.01093032865268     
           9          10  0.943265108202771     
           9          11  0.986700824562830     
           3          12   1.29540216841650     
           4          12  0.162172072851108     
          12          13  0.946720746773960     
          13          14   1.01534332965649     
          13          15  0.925396010005749     
          15          16   1.62730720883616     
          15          17   1.25793642940292     
          16          17  0.170847671762889     
          18          19  0.178515960621726     
          17          20  0.945147499984665     
          18          21   1.68585572400874     
          19          21   1.17256008231440     
          20          21  0.926556522127023     
          20          22   1.00906093372928     
           1          23  0.961605618761870     
           2          24  0.979096312372575     
           2          25  0.978935234095663     
           2          26  0.980655512231257     
           6          27  0.951027225372705     
           7          28  0.945370393791635     
           9          29  0.966482924917550     
          10          30  0.974321786195235     
          10          31  0.970916548013545     
          11          32  0.954196885532411     
          11          33  0.974428967831215     
          12          34  0.937627548776531     
          13          35  0.963319759809731     
          14          36  0.978905589187666     
          14          37  0.977995141525048     
          14          38  0.982066400280900     
          17          39  0.928199232244091     
          20          40  0.960123763289401     
          22          41  0.979379769600453     
          22          42  0.981540111224868     
          22          43  0.977756810940229     
          19          44   1.02929798173301     
          44          45   1.30820557725812     
          44          46   1.39170953264926     
          45          47   1.37758058561706     
          46          47  0.103903422167646     
          47          48   1.45387232956290     
          46          49   1.43792464785539     
          48          49   1.42251419173086     
          46          50  0.968151103993293     
          48          51  0.972113169984348     
          49          52  0.972796818094029     
          47          53  0.967635943831032     
          45          54   1.06796930808841     
          54          55   1.81841902228578     
          54          56  0.939642171140719     
