$coord
          5.613046649624          0.496622496779         -0.119996221871     si
          6.844288097716          3.443477766788          1.521546272604     c 
          8.737366375872          3.904013062088          0.881482487173     h 
          6.921377805804          3.181202362135          3.557356745073     h 
          5.639034705119          5.053465726022          1.133652491983     h 
          7.849352636204         -2.264175207000          0.502485901038     c 
          8.062986719233         -2.632798219447          2.508957227111     h 
          9.711929501279         -1.863417178773         -0.252171143560     h 
          7.190992848219         -3.996957323147         -0.377292587932     h 
          5.198356007399          0.839620755435         -3.675201157737     c 
          3.069429188246         -0.659600135879          1.277610327020     o 
          4.233733763238         -0.786236749856         -4.481307554297     h 
          7.017433421270          0.999659749552         -4.609608151151     h 
          4.109175611968          2.513267496604         -4.135992243317     h 
          0.741640910080         -0.187154643985          2.088032741430     c 
         -0.428294094875         -2.383553218254          3.467378675342     c 
          1.044375729411         -3.801710212000          3.708857117367     h 
         -1.027570327002         -1.782710749324          5.345051553236     h 
         -0.696429117721          1.865012132230          1.591612770549     c 
         -0.223699413879          3.466450501671         -0.641527144231     c 
         -2.072839295286          3.446391298258         -2.404659523162     o 
         -3.460345697583          1.773295074887          2.347816169387     c 
         -3.735685604858         -2.192388194648         -0.181011611497     c 
         -2.746190700825         -3.647496908125          2.074087549416     c 
         -3.856017219636         -3.608941309005         -2.626860245280     c 
          1.691913415743          4.615893472633         -1.088073374884     o 
         -2.047640716459         -6.329027316480          1.240498773700     c 
         -1.226483768218         -4.680153843156         -3.193824131445     c 
         -4.441655426010         -2.361410120873         -4.157151931661     h 
         -5.230681210867         -5.145437212287         -2.506427835731     h 
         -0.214632753305         -6.285852161523         -0.990215821254     c 
         -3.762551170472         -7.346825635894          0.713053697546     h 
         -1.198929663002         -7.351889570992          2.818712438248     h 
          0.045562191769         -3.092849048162         -3.536612391470     h 
         -1.310895283747         -5.795675536398         -4.925888653454     h 
          0.121905045958         -8.223743191081         -1.610588670987     h 
          1.591367622826         -5.517805639834         -0.361792631263     h 
         -4.821444104193          4.328578965203          2.166977620316     c 
         -4.195315551919          0.271192670675          0.046631736594     c 
         -3.758994330936          0.856190987685          4.157816127624     h 
         -4.500874494683          2.342438254244         -1.873322853858     c 
         -6.063668422940          4.317057277556         -0.457460287693     c 
         -8.024618878559          3.694418124467         -0.355880481523     h 
         -5.986114358731          6.149690035433         -1.387819435212     h 
         -3.476143613012          5.880454945475          2.341783642026     h 
         -6.221824104271          4.530662987673          3.661679329909     h 
         -5.272471425359          1.804908151004         -3.706539920858     h 
         -4.266571953980         -3.780386112207          3.474837622085     h 
$end
