   35
         81          1         81
          5         82         86
          4         87         90
         75         91        165
         78        166        243
          3        244        246
          2        247        248
          3        249        251
          1        252        252
         40        253        292
          1        293        293
         40        294        333
         44        334        377
          3        378        380
          1        381        381
         40        382        421
          1        422        422
          5        423        427
          3        428        430
          7        431        437
          6        438        443
         15        444        458
         31        459        489
         21        490        510
         25        511        535
          1        536        536
          1        537        537
          7        538        544
         21        545        565
          1        566        566
          5        567        571
          1        572        572
         15        573        587
          1        588        588
          2        589        590
