           1           2  0.958086779854255     
           2           3  0.958764809009098     
           2           4  0.961414189892876     
           2           5  0.957168101687538     
           1           6  0.963210066764036     
           6           7  0.959014470877185     
           6           8  0.958254730537979     
           6           9  0.961669064372032     
           1          10  0.943428892780994     
           1          11  0.999673123445475     
          10          12  0.960269011886357     
          10          13  0.962160875751333     
          10          14  0.959826423428751     
          11          15   1.16119440335747     
          15          16  0.993401361828543     
          16          17  0.969773286195015     
          16          18  0.958944024112992     
          11          19  0.111499066821615     
          15          19   1.59684945017189     
          19          20   1.02250265353849     
          20          21   1.14776657972799     
          19          22  0.956631098224623     
          16          24  0.967262257064430     
          23          24  0.993383905692742     
          23          25   1.00065209578441     
          20          26   1.62274918503775     
          21          26  0.157309926095272     
          24          27  0.989711492890718     
          25          28   1.00184245212295     
          25          29  0.968999541561004     
          25          30  0.960529332619175     
          27          31   1.01066814148245     
          28          31   1.01276837125147     
          27          32  0.976891926510789     
          27          33  0.972133391246340     
          28          34  0.975227009924906     
          28          35  0.978088203694074     
          31          36  0.975093950732864     
          31          37  0.977237693287390     
          22          38  0.992043073387388     
          22          39  0.971076741098842     
          23          39   1.81884575856573     
          22          40  0.959115056782447     
          21          41  0.924552623004567     
          39          41  0.991999568729244     
          38          42   1.00416646100794     
          41          42  0.992614303499701     
          42          43  0.973771651049326     
          42          44  0.975873747719959     
          38          45  0.974978848438800     
          38          46  0.980646174768700     
          41          47  0.964295426624064     
          24          48  0.964963524335423     
