$coord
    1.82461954241900   -5.18120155049700    0.33499478038800      c
    2.20781355948700   -8.01116308361400   -0.01384619210600      c
   -0.87043197963600   -4.44848750681400   -0.43931405896000      c
   -1.44850417419700   -4.18000824525200   -2.67051556599400      o
    1.49239636639000   -0.15556488576200   -0.43987840671800      o
    2.15303070657300   -3.17469943814300   -6.57094093574600      o
    3.54954358772000   -3.77316387329300   -1.26642361767400      n
    3.07393936391000   -1.30162554604100   -1.66923707190300      c
    4.49608741690800   -0.15596087783500   -3.87214272964000      c
    2.76197340755000   -0.62449059130000   -6.21385034572300      c
    5.03852417996900    2.47907748341300   -3.40643144794200      n
   -2.52220722787700   -4.24330667572500    1.45244189064400      n
   -5.16177448743700   -3.59406632477000    1.06131833782900      c
   -6.74426625966500   -4.63025145865100    3.22348668194900      c
   -5.48995827976400   -0.69916819554900    0.84220465180200      c
   -6.65242529507000    0.53944908743800    2.37854716206100      o
   -4.40892596178500    0.26750482437600   -1.24692414031500      n
   -0.23498908475400    4.68372750937900   -2.69335560639900      o
   -1.40760071587400    3.95365687104500    1.34659714969600      o
   -4.38280675552800    2.95584400206500   -1.77280125378000      c
   -1.74864995143600    3.98690718493800   -1.15306797196800      c
   -5.07861513172400    3.46849224019900   -4.51594902245000      c
    2.14664020143300   -4.62812929641000    2.30493507978800      h
    1.81044606867600   -8.54140512387100   -1.96120436089800      h
    0.94182238669900   -9.05136700318500    1.22428973988800      h
    4.14466445515800   -8.52212538384600    0.44372611551800      h
    0.83293363739800   -3.66291954797900   -5.37854667073200      h
    4.54795939266200   -4.74235618136700   -2.57006264781700      h
    6.28341431375900   -1.16545675073000   -4.15734262655200      h
    3.77157792079000   -0.01630071934700   -7.91404861199100      h
    1.06545710221900    0.55116969689900   -5.99599888324800      h
    3.43383077345400    3.36378551111600   -2.82449665354100      h
    5.60766449034500    3.33006577040000   -5.02782697049400      h
   -1.87118698184400   -4.17979678491900    3.25007735593200      h
   -5.72932746581000   -4.43503235569900   -0.74640497590500      h
   -8.72555449567100   -4.20965976504700    2.89341698091900      h
   -6.18936322018100   -3.73291563964800    4.98676823338900      h
   -6.50071461876500   -6.66353038299500    3.38325747406500      h
   -3.34472208802000   -0.87112252329200   -2.35996089476700      h
   -5.74094818435700    3.81016109800300   -0.46059488648500      h
   -5.10273514020600    5.49032585035900   -4.87004224255600      h
   -6.93213325153100    2.68808756067900   -4.92879348216900      h
   -3.69251420592000    2.60907207161500   -5.76598707208200      h
    0.97741083961200    4.23010111961300    2.38211135527600      c
    1.77979254059400    2.34718589381600    4.06964428138900      c
    2.55457651373800    6.22485159320700    1.77550851297000      c
    4.19487311302800    2.50168809219100    5.10199852503100      c
    5.76287435329300    4.50158270217400    4.50649812503300      c
    4.94041028898300    6.35447734469900    2.84963906045400      c
    1.93297863933200    7.65039400975000    0.45800393992700      h
    7.63202950179700    4.61161275146300    5.31512486005200      h
    6.16803700143900    7.90988974091600    2.36665993546300      h
    4.79839245170900    1.02269277406200    6.37184980322100      h
    0.11819476143000    0.19870356863000    4.56563783560900      c
    0.76889175094200   -1.84004957053500    5.38045455694800      o
   -1.87829741587900    0.56838795378300    4.10474904004800      h
$periodic 0
$md
  hmass=2
  time=     14.00
  temp=    300.00
  step=      5.00
  shake=2
  dump=100
  skip=1
$set
  mddump  1000
$end
$metadyn
  save=14
  kpush=0.042000    
  alp=0.468000    
$end
