Product list for reactant/KHP.xyz
Index      Indicator                      N-adj_mats      Pathways                                                                                            
1          OOCOC=C                        8               [(0, [0]), (3, [0, 1, 2]), (7, [3, 4, 5, 6]), (12, [3, 7]), (19, [0])]                              
2          CC(=O)COO                      6               [(0, [0]), (3, [0, 1, 2, 3]), (6, [4]), (9, [5]), (10, [1])]                                        
3          COO.C=C=O                      5               [(0, [0]), (1, [0]), (2, [0, 1, 2, 3]), (6, [4]), (10, [0]), (20, [0, 1])]                          
4          C=O.OCC=O                      9               [(0, [0]), (5, [0, 1, 2]), (6, [0, 3, 4]), (12, [5]), (14, [0, 3, 5, 6]), (17, [0, 5, 7]), (21, [0, 8])]
5          OCOCC=O                        6               [(0, [0]), (4, [0, 1, 2]), (6, [2, 3, 4]), (15, [0, 3]), (17, [1]), (21, [5])]                      
6          COOCC=O                        6               [(0, [0]), (2, [1]), (3, [2]), (4, [0]), (5, [3]), (9, [4]), (11, [0, 3]), (18, [5])]               
7          C=C.OOC=O                      8               [(0, [0]), (1, [1, 2]), (8, [0, 3]), (10, [0, 4, 5]), (12, [0, 4]), (17, [0]), (18, [3, 6, 7])]     
8          C=CC=O.OO                      7               [(0, [0, 1]), (7, [0, 1, 2, 3]), (9, [0, 4, 5]), (12, [2, 6]), (13, [0, 4]), (21, [0])]             
9          C[C@H](C=O)OO                  14              [(0, [0, 1, 2, 3]), (2, [4, 5]), (6, [6, 7]), (8, [0, 6]), (10, [8, 9]), (11, [6, 7, 10, 11]), (12, [2, 4]), (18, [12, 13]), (21, [6])]
10         CCC(=O)OO                      7               [(0, [0]), (2, [1]), (3, [0]), (7, [0, 1]), (9, [2]), (11, [3, 4]), (18, [5]), (24, [4]), (25, [4, 6])]
11         CCC=O.O=O                      4               [(0, [0]), (6, [0]), (9, [1]), (10, [2]), (18, [3])]                                                
12         OOC=C.C=O                      10              [(0, [0, 1]), (1, [2, 3]), (4, [3]), (7, [0, 1, 4, 5]), (8, [4, 6]), (9, [4, 7, 8]), (13, [0, 9])]  
13         OO/C=C/C=O.[H][H]              9               [(0, [0, 1, 2, 3]), (8, [0, 2, 4, 5]), (12, [0, 1, 6, 7]), (20, [6, 8])]                            
14         O=CCC=O.O                      3               [(0, [0, 1]), (4, [0, 1]), (15, [0, 2])]                                                            
15         O=CCC(O)O                      11              [(0, [0, 1]), (5, [0, 1]), (14, [0, 2, 3, 4]), (21, [5, 6, 7]), (22, [4, 8]), (24, [9, 10])]        
16         CCOO.C#[O]                     4               [(0, [0]), (2, [0]), (9, [1]), (10, [2]), (18, [3])]                                                
17         OCCOC=O                        8               [(0, [0]), (4, [0, 1, 2]), (5, [3]), (7, [0, 3]), (18, [4, 5, 6]), (21, [0, 5]), (24, [7])]         
18         CCOOC=O                        8               [(0, [0]), (6, [1]), (7, [1, 2]), (9, [3]), (10, [4]), (11, [1, 5]), (17, [1]), (22, [6]), (25, [0, 7])]
19         OOC/C=C\O                      5               [(0, [0, 1]), (1, [0, 1]), (20, [0, 2]), (22, [3, 4])]                                              
20         OOCC=C=O.[H][H]                8               [(0, [0, 1]), (3, [0, 1, 2, 3, 4, 5]), (13, [2]), (19, [0]), (25, [6, 7])]                          
21         O[C@H](C=O)CO                  16              [(0, [0, 1]), (4, [0, 1, 2, 3]), (5, [4, 5]), (8, [0, 4]), (9, [4, 6, 7]), (15, [6, 8, 9, 10, 11, 12]), (17, [0, 1, 10, 13]), (24, [14, 15])]
22         O[C@H]1CCOO1                   8               [(0, [0, 1]), (15, [2, 3]), (18, [1, 4, 5]), (19, [4]), (23, [1, 3, 6, 7]), (24, [0]), (25, [1, 7])]
23         C1COOOC1                       2               [(0, [0]), (22, [1])]                                                                               
24         OCCC(=O)O                      8               [(0, [0]), (10, [1, 2, 3]), (15, [1, 4]), (17, [5]), (21, [6]), (22, [0]), (25, [0, 7])]            
25         C1COOC1=O.[H][H]               7               [(0, [0]), (10, [1, 2, 3]), (18, [0, 4, 5]), (20, [4]), (22, [6]), (24, [0])]                       
26         CO/C=C/OO                      4               [(1, [0, 1]), (9, [0]), (12, [2, 3])]                                                               
27         OOOCC=C                        7               [(1, [0]), (8, [1, 2]), (12, [3]), (19, [4]), (23, [2, 4, 5, 6])]                                   
28         COC(=C)OO                      3               [(1, [0]), (3, [0, 1]), (10, [0]), (12, [2])]                                                       
29         COC=C.O=O                      1               [(1, [0]), (11, [0])]                                                                               
30         OOCC(=C)O                      6               [(1, [0]), (2, [0, 1, 2]), (3, [0, 3, 4]), (19, [1, 5])]                                            
31         OCOOC=C                        5               [(1, [0, 1]), (5, [0]), (12, [2, 3]), (22, [0, 2, 4])]                                              
32         COOOC=C                        4               [(1, [0]), (3, [1]), (6, [0]), (12, [2]), (23, [0, 1, 2, 3])]                                       
33         O[C@@H](C=C)OO                 12              [(1, [0, 1]), (7, [2, 3, 4, 5]), (8, [4, 6, 7, 8]), (19, [4, 9, 10]), (22, [7, 11])]                
34         C=COC=O.O                      7               [(1, [0, 1]), (7, [2, 3, 4, 5]), (12, [2, 6]), (14, [0, 2]), (17, [2, 3])]                          
35         C=COC(O)O                      2               [(1, [0, 1]), (15, [0])]                                                                            
36         O[C@H]1COCO1                   4               [(1, [0]), (5, [0, 1]), (17, [2, 3]), (22, [0])]                                                    
37         O1CCOOC1                       9               [(1, [0]), (5, [1]), (6, [0, 2, 3]), (17, [4]), (18, [5, 6, 7]), (22, [8]), (23, [0, 1, 4, 5])]     
38         C[C@@H]1OOCO1                  4               [(1, [0]), (18, [0, 1, 2]), (22, [3])]                                                              
39         OOCO.C#C                       2               [(1, [0, 1]), (19, [0])]                                                                            
40         OOCOC#C.[H][H]                 2               [(1, [0, 1]), (20, [0])]                                                                            
41         C1OC=CO1.O                     2               [(1, [0, 1])]                                                                                       
42         OCO/C=C\O                      4               [(1, [0, 1]), (5, [2, 3]), (19, [2]), (21, [0])]                                                    
43         O1COC=CO1.[H][H]               2               [(1, [0, 1])]                                                                                       
44         OCOC(=C)O                      1               [(1, [0]), (24, [0])]                                                                               
45         C=C1OOCO1.[H][H]               1               [(1, [0]), (25, [0])]                                                                               
46         C=O.CC(=O)O                    1               [(2, [0]), (4, [0]), (24, [0])]                                                                     
47         CC(=O)OCO                      2               [(2, [0]), (5, [0]), (24, [1])]                                                                     
48         COOC(=O)C                      3               [(2, [0]), (3, [1]), (6, [0]), (10, [2]), (18, [1]), (25, [0, 1])]                                  
49         CC(=C)OOO                      2               [(2, [0]), (3, [1])]                                                                                
50         CC(=O)C.O=O                    1               [(2, [0]), (11, [0])]                                                                               
51         OOC=C=O.C                      4               [(2, [0, 1]), (3, [2, 3]), (9, [2])]                                                                
52         OO/C=C(/O)\C                   2               [(2, [0, 1])]                                                                                       
53         O=CC(=O)C.O                    4               [(2, [0, 1]), (9, [2]), (14, [0, 3])]                                                               
54         OC(C(=O)C)O                    2               [(2, [0, 1]), (15, [0])]                                                                            
55         COCC(=O)O                      2               [(2, [0]), (3, [1]), (5, [1]), (24, [1])]                                                           
56         OCC(=O)CO                      4               [(2, [0, 1, 2]), (4, [0]), (5, [3]), (21, [1]), (24, [0])]                                          
57         O=C1COOC1.[H][H]               5               [(2, [0, 1, 2]), (6, [0, 3, 4]), (25, [0])]                                                         
58         C[C@H]1COOO1                   9               [(2, [0]), (6, [1]), (9, [2]), (23, [0, 2, 3, 4, 5, 6, 7, 8])]                                      
59         CC=C=O.OO                      3               [(3, [0, 1]), (8, [0]), (9, [2]), (10, [0, 1]), (20, [0, 2])]                                       
60         C.C=C=O.O=O                    1               [(3, [0]), (11, [0])]                                                                               
61         C=O.C=C=O.O                    5               [(3, [0, 1, 2]), (4, [2]), (12, [3]), (14, [0, 4])]                                                 
62         OCO.C=C=O                      3               [(3, [0, 1, 2]), (5, [2]), (15, [0]), (24, [2])]                                                    
63         COC(=O)CO                      2               [(3, [0]), (4, [0]), (6, [1]), (10, [0]), (17, [0])]                                                
64         COO.OC#C                       2               [(3, [0, 1]), (19, [0])]                                                                            
65         COC=C=O.O                      2               [(3, [0, 1])]                                                                                       
66         CO.OC=C=O                      2               [(3, [0, 1]), (21, [0])]                                                                            
67         COOC=C=O.[H][H]                4               [(3, [0, 1]), (6, [2, 3]), (20, [2])]                                                               
68         COOC(=C)O                      2               [(3, [0, 1]), (22, [0])]                                                                            
69         CO[C@@H](C=O)O                 6               [(4, [0, 1]), (5, [0, 1, 2, 3]), (6, [4, 5]), (9, [0]), (21, [0])]                                  
70         C#[O].OCC=O.[H][H]             1               [(4, [0])]                                                                                          
71         O=CC=O.CO                      6               [(4, [0, 1]), (5, [2, 3]), (6, [4, 5]), (9, [2]), (21, [4])]                                        
72         OC=O.CC=O                      8               [(4, [0, 1]), (5, [0, 1]), (9, [2]), (14, [0, 3, 4, 5]), (15, [0, 6]), (18, [4, 7])]                
73         O=CC(C=O)O.[H][H]              6               [(4, [0, 1, 2, 3]), (13, [0]), (14, [0, 1, 4, 5]), (21, [0, 2])]                                    
74         OCC(=O)C=O.[H][H]              3               [(4, [0, 1]), (21, [2])]                                                                            
75         O=COCC=O.[H][H]                6               [(4, [0, 1]), (5, [2, 3]), (17, [4, 5])]                                                            
76         C=O.C=[OH].C=O                 2               [(4, [0, 1])]                                                                                       
77         C=O.CO.C#[O]                   1               [(4, [0]), (16, [0])]                                                                               
78         C=O.C=O.C=O                    1               [(4, [0])]                                                                                          
79         C=O.COC=O                      2               [(4, [0]), (6, [1]), (17, [1]), (18, [0])]                                                          
80         C=O.O=CC=[OH].[H][H]           1               [(4, [0])]                                                                                          
81         C=O.O/C=C\O                    5               [(4, [0, 1]), (12, [2, 3]), (19, [0]), (21, [2, 4])]                                                
82         C=O.OC=C=O.[H][H]              2               [(4, [0, 1]), (20, [0])]                                                                            
83         C=O.O=CC=O.[H][H]              2               [(4, [0, 1])]                                                                                       
84         C=[OH].OCC=O                   6               [(5, [0, 1]), (15, [0, 2]), (21, [3, 4, 5])]                                                        
85         O=CC/[O]=C\O.[H][H]            1               [(5, [0])]                                                                                          
86         OC1OCCO1                       4               [(5, [0, 1]), (17, [2, 3]), (22, [2])]                                                              
87         COCO.C#[O]                     1               [(5, [0]), (16, [0])]                                                                               
88         COCOC=O                        3               [(5, [0]), (6, [1]), (17, [2]), (18, [0])]                                                          
89         OCOC=C=O.[H][H]                2               [(5, [0, 1]), (20, [0])]                                                                            
90         C1OCOC1=O.[H][H]               1               [(5, [0]), (25, [0])]                                                                               
91         OC1COOC1                       6               [(6, [0, 1, 2]), (21, [3]), (22, [3, 4, 5])]                                                        
92         COOC.C#[O]                     1               [(6, [0]), (16, [0])]                                                                               
93         COO/C=C\O                      2               [(6, [0, 1]), (19, [0])]                                                                            
94         C#C.OOC=O.[H][H]               4               [(7, [0, 1, 2, 3]), (13, [0])]                                                                      
95         OOC(=O)C=C.[H][H]              10              [(7, [0, 1, 2, 3]), (8, [2, 4]), (10, [2, 3, 5, 6, 7, 8]), (13, [5]), (20, [2]), (25, [4, 9])]      
96         OC=C.OC=O                      8               [(7, [0, 1, 2, 3]), (8, [2, 4]), (12, [5, 6]), (15, [0, 5]), (17, [2, 3]), (21, [2]), (24, [6, 7])] 
97         C=COOC=O.[H][H]                12              [(7, [0, 1, 2, 3]), (12, [4, 5]), (13, [6]), (18, [4, 6, 7, 8, 9, 10]), (25, [5, 11])]              
98         C=C.C#[O].OO                   3               [(7, [0]), (8, [1]), (16, [0, 1, 2])]                                                               
99         C=C.C=O.O=O                    3               [(7, [0]), (11, [0, 1, 2]), (12, [1])]                                                              
100        C=C.O=C=O.O                    1               [(7, [0])]                                                                                          
101        C=C.OC(=O)O                    1               [(7, [0]), (24, [0])]                                                                               
102        C#C.C=O.OO                     3               [(8, [0, 1]), (12, [0, 2])]                                                                         
103        O=CC#C.OO.[H][H]               3               [(8, [0, 1]), (13, [2])]                                                                            
104        O/C=C/C=O.O                    11              [(8, [0, 1, 2, 3]), (13, [0, 4]), (14, [0, 5, 6, 7]), (15, [1, 4, 8, 9]), (19, [6, 10]), (21, [0, 2])]
105        OC=C=C.OO                      2               [(8, [0]), (19, [1])]                                                                               
106        C=C=C=O.OO.[H][H]              2               [(8, [0]), (20, [1])]                                                                               
107        OC(=C)C=O.O                    2               [(8, [0, 1]), (21, [1])]                                                                            
108        OOC(=C)C=O.[H][H]              8               [(8, [0, 1]), (9, [0, 2, 3]), (12, [4, 5]), (13, [6, 7])]                                           
109        OC(=O)C=C.O                    3               [(8, [0, 1]), (24, [1, 2])]                                                                         
110        C=CC=O.O=O.[H][H]              6               [(8, [0]), (11, [0, 1, 2, 3, 4, 5]), (13, [2])]                                                     
111        C[C@H](OC=O)O                  6               [(9, [0]), (15, [1, 2]), (17, [0, 1, 3, 4]), (18, [2, 5])]                                          
112        C/C=C\OOO                      1               [(9, [0]), (19, [0])]                                                                               
113        OO/C(=C/O)/C                   2               [(9, [0]), (19, [1])]                                                                               
114        CC(=C=O)OO.[H][H]              2               [(9, [0]), (20, [1])]                                                                               
115        O=CC(O)(O)C                    3               [(9, [0]), (15, [1]), (21, [2])]                                                                    
116        OC(=O)[C@H](O)C                6               [(9, [0]), (10, [1, 2]), (21, [1]), (24, [0, 3, 4, 5])]                                             
117        CCOC(=O)O                      3               [(10, [0]), (17, [1]), (18, [2]), (24, [1])]                                                        
118        CCO.O=C=O                      2               [(10, [0]), (17, [0]), (18, [1]), (24, [1])]                                                        
119        C/C=C(/OO)\O                   2               [(10, [0, 1]), (19, [0])]                                                                           
120        CC.C#[O].O=O                   1               [(11, [0]), (16, [0])]                                                                              
121        C/C=C\O.O=O                    2               [(11, [0, 1]), (19, [0])]                                                                           
122        CC=C=O.O=O.[H][H]              2               [(11, [0, 1]), (20, [0])]                                                                           
123        OOC#C.C=O.[H][H]               3               [(12, [0, 1]), (13, [2])]                                                                           
124        OCC(=C)OO                      1               [(12, [0])]                                                                                         
125        OC(=C)O.C=O                    2               [(12, [0]), (15, [1])]                                                                              
126        OC/C=C/OO                      6               [(12, [0, 1]), (13, [0, 2]), (19, [0, 3, 4, 5]), (21, [5])]                                         
127        OOC=C.C#[O].[H][H]             6               [(12, [0]), (13, [1]), (16, [0, 1, 2, 3, 4, 5])]                                                    
128        OOC#CC=O.[H][H].[H][H]         1               [(13, [0])]                                                                                         
129        O=CC=C=O.O.[H][H]              6               [(13, [0]), (14, [1, 2, 3, 4]), (20, [3, 5])]                                                       
130        O=CC=C(O)O.[H][H]              3               [(13, [0]), (15, [1, 2])]                                                                           
131        O=CO/C=C/O.[H][H]              4               [(13, [0]), (17, [0, 1, 2, 3])]                                                                     
132        OOC=C=CO.[H][H]                3               [(13, [0]), (19, [1, 2])]                                                                           
133        OOC=C=C=O.[H][H].[H][H]        3               [(13, [0]), (20, [1, 2])]                                                                           
134        O/C=C(/C=O)\O.[H][H]           3               [(13, [0]), (21, [1, 2])]                                                                           
135        O[C@@H]1OOC=C1.[H][H]          5               [(13, [0, 1]), (22, [0, 2, 3, 4])]                                                                  
136        C1OOOC=C1.[H][H]               8               [(13, [0]), (19, [1]), (20, [2]), (23, [0, 1, 2, 3, 4, 5, 6, 7])]                                   
137        O/C=C\C(=O)O.[H][H]            4               [(13, [0]), (24, [0, 1, 2, 3])]                                                                     
138        O=c1ccoo1.[H][H].[H][H]        4               [(13, [0]), (25, [0, 1, 2, 3])]                                                                     
139        C#[O].CC=O.O                   3               [(14, [0, 1]), (16, [1, 2])]                                                                        
140        O=CCC(=O)O.[H][H]              7               [(14, [0, 1, 2, 3]), (15, [1, 4]), (24, [3, 5]), (25, [2, 6])]                                      
141        OC=[OH].CC=O                   1               [(15, [0, 0])]                                                                                      
142        O=CCC=[OH].O                   2               [(15, [0, 1])]                                                                                      
143        CC(O)O.C#[O]                   2               [(15, [0]), (16, [0, 1])]                                                                           
144        O/C=C\C(O)O                    3               [(15, [0, 1]), (19, [0, 2])]                                                                        
145        OC(C=C=O)O.[H][H]              3               [(15, [0, 1]), (20, [0, 2])]                                                                        
146        C/[O]=C\COO                    1               [(16, [0])]                                                                                         
147        C/C=[O]\COO                    1               [(16, [0])]                                                                                         
148        CC/C=[O]\OO                    1               [(16, [0])]                                                                                         
149        CCO/C=[O]\O                    2               [(16, [0, 1])]                                                                                      
150        C[C@H](C=[OH])OO               2               [(16, [0, 1])]                                                                                      
151        C[C@H]([O]=C)OO                2               [(16, [0, 1])]                                                                                      
152        OOCCC=[OH]                     4               [(16, [0, 1, 2]), (19, [1]), (22, [3])]                                                             
153        OOCC[O]=C                      3               [(16, [0, 1, 2])]                                                                                   
154        OCCO.C#[O]                     3               [(16, [0, 1, 2]), (17, [0]), (21, [1]), (24, [0])]                                                  
155        CCOOC=[OH]                     2               [(16, [0, 1]), (22, [0])]                                                                           
156        CCOO[O]=C                      1               [(16, [0])]                                                                                         
157        COC=O.C=[OH]                   2               [(17, [0, 1])]                                                                                      
158        O=COCC=[OH].[H][H]             1               [(17, [0])]                                                                                         
159        O=C1OCCO1.[H][H]               1               [(17, [0]), (25, [0])]                                                                              
160        OOCC#C.O                       1               [(19, [0])]                                                                                         
161        OOCC#CO.[H][H]                 2               [(19, [0]), (20, [1])]                                                                              
162        OC/C(=C\O)/O                   2               [(19, [0]), (21, [1])]                                                                              
163        C1OOC=C1.O                     3               [(19, [0, 1]), (22, [1, 2])]                                                                        
164        OCC=C(O)O                      2               [(19, [0]), (24, [0, 1])]                                                                           
165        OC1=CCOO1.[H][H]               5               [(19, [0]), (20, [1, 2]), (22, [1, 3]), (25, [0, 4])]                                               
166        OC(=C=O)CO.[H][H]              2               [(20, [0]), (21, [1])]                                                                              
167        OCC=C=O.O                      3               [(20, [0, 1]), (21, [1]), (24, [0, 2])]                                                             
168        CO.O=CC=[OH]                   1               [(21, [0])]                                                                                         
169        O=CC(C=[OH])O.[H][H]           1               [(21, [0])]                                                                                         
170        OCC=[OH].C=O                   1               [(21, [0])]                                                                                         
171        C=[OH].CC(=O)O                 2               [(24, [0, 1])]                                                                                      
172        [OH]=CCC(=O)O.[H][H]           1               [(24, [0])]                                                                                         
173        OCCOC=[OH]                     1               [(24, [0])]                                                                                         
