$coord
         -5.680895561914         -0.943146387092          0.242262467779     si
         -5.656252569697         -4.274943171216          1.589712480653     c 
         -4.469673184747         -5.550898878761          0.517773867494     h 
         -7.561915910937         -5.029393572770          1.604271203188     h 
         -4.982027748320         -4.257546279483          3.528061018155     h 
         -8.401097755788          0.720211570694          1.968340863891     c 
        -10.187418677628         -0.209794099996          1.582871065548     h 
         -8.596867203629          2.684271176732          1.403420080258     h 
         -8.123332996773          0.697529683343          4.000709310525     h 
         -6.322878701175         -0.337949072112         -3.252539722323     c 
         -1.873348173540         -2.732500062266         -1.820104252023     o 
         -5.121223302377          1.167734919486         -3.962463538966     h 
         -8.273874651190          0.214298310551         -3.558446163956     h 
         -5.951416605846         -2.001183193133         -4.387917479296     h 
         -0.189228752195         -1.210459508407         -2.324366714662     c 
          2.263026463193         -2.135916341719         -3.507525425223     c 
          1.995998163073         -4.143671484674         -3.892925396681     h 
          2.479767434073         -1.188601828620         -5.326048792233     h 
         -0.242278216944          1.403984315766         -1.656916994506     c 
         -1.331022232323          1.875705659385          0.675824546580     c 
         -3.347973455813          0.820352453543          1.545320186283     o 
          2.068715444046          2.996700550587         -2.253249127334     c 
          4.546101535240         -0.043138856156          0.339275043678     c 
          4.745981882706         -1.804284420498         -1.917050396497     c 
          5.434467439512         -1.090736093422          2.813269171846     c 
         -0.229373478369          3.387982105845          2.392263745611     o 
          5.651210319015         -4.398305751649         -0.995912417325     c 
          3.969005874326         -3.519855166301          3.402022203675     c 
          5.142262168257          0.277908195450          4.324668637500     h 
          7.457559303096         -1.498347737391          2.724597808114     h 
          3.967789507622         -5.352014338636          1.144046227912     c 
          7.604950730309         -4.265449582622         -0.348198863080     h 
          5.624223252526         -5.742196020479         -2.561096113616     h 
          2.028193543502         -3.009511039647          3.878712843216     h 
          4.802547936395         -4.413159296187          5.063534269972     h 
          4.611814527518         -7.218942054880          1.737028412181     h 
          2.045656223588         -5.559546506023          0.430387604902     h 
          1.595623806851          5.853041701943         -2.059285413360     c 
          3.496000872940          2.228209349926          0.081169497911     c 
          2.926408206581          2.483724955604         -4.043360407059     h 
          2.404284547110          4.032656912544          1.981971205074     c 
          2.478412263785          6.569246096856          0.611888563579     c 
          4.409764527863          7.285390538513          0.596628391590     h 
          1.254840632986          7.951995633183          1.517206791917     h 
         -0.407052995815          6.268925821945         -2.310815785244     h 
          2.647142915778          6.880769155122         -3.499801552508     h 
          3.257266721930          4.049158809281          3.856546080986     h 
          6.179190395483         -1.039854688578         -3.206325987628     h 
$end
