   52
         80          1         80
         34         81        114
          2        115        116
         77        117        193
         33        194        226
         62        227        288
         81        289        369
         35        370        404
          4        405        408
         56        409        464
          2        465        466
         85        467        551
          5        552        556
          1        557        557
          1        558        558
         57        559        615
          3        616        618
          2        619        620
          6        621        626
          2        627        628
          2        629        630
         74        631        704
          6        705        710
          3        711        713
          1        714        714
          2        715        716
          3        717        719
          3        720        722
          3        723        725
          5        726        730
          4        731        734
          1        735        735
          5        736        740
          1        741        741
         28        742        769
          2        770        771
          1        772        772
         39        773        811
          2        812        813
         21        814        834
          3        835        837
         23        838        860
          7        861        867
          4        868        871
          1        872        872
          1        873        873
          1        874        874
          1        875        875
          1        876        876
          1        877        877
          1        878        878
          2        879        880
