           1           2  0.958775016691767     
           2           3  0.959265279924492     
           2           4  0.962128709667007     
           2           5  0.959037265257085     
           1           6  0.962010324310587     
           6           7  0.958431022950500     
           6           8  0.960573597416961     
           6           9  0.958208521179303     
           1          10  0.959043547164790     
          10          12  0.960128272372526     
          10          13  0.959236923001098     
          10          14  0.962013014939543     
          11          15   1.64360820175795     
          15          16  0.950769463946897     
          16          17  0.966461788027636     
          16          18  0.961595375400069     
          11          19  0.108589428735363     
          15          19   1.17170918667278     
          19          20   1.34102319859678     
           1          21  0.970881464348344     
          20          21   1.23597282292581     
          19          22  0.953887721394542     
          16          24  0.967938673025852     
          23          24  0.994210454521087     
          23          25   1.00038385389469     
          20          26   1.14985973941499     
          24          27  0.995618690837895     
          25          28   1.00738786451570     
          25          29  0.957540545782824     
          25          30  0.969135182668242     
          27          31   1.01225335521280     
          28          31   1.01232587233875     
          27          32  0.974838537777269     
          27          33  0.976219241063088     
          28          34  0.978672802009041     
          28          35  0.974962206059791     
          31          36  0.978235184843511     
          31          37  0.974211811217355     
          22          38  0.992623176324247     
          22          39  0.978122264213576     
          23          39   1.80803521466872     
          22          40  0.964940535057812     
          26          41  0.920508965096560     
          39          41  0.999067058480806     
          38          42   1.00419486827961     
          41          42  0.992357619746497     
          42          43  0.974060838458847     
          42          44  0.975933892158150     
          38          45  0.975285970000130     
          38          46  0.980506164600502     
          41          47  0.967403920745659     
          24          48  0.965637881322331     
