           1           2  0.997259660804934     
           2           3   1.28264190768669     
           2           4  0.109024091128058     
           3           4   1.49643470430998     
           4           5   1.27352738404079     
           2           6   1.16164951571584     
           5           6   1.36712335135800     
           6           7   1.10948800090344     
           7           8   1.63511327899169     
           7           9   1.10845647895188     
           8           9  0.149326266532104     
           9          10   1.09661858161482     
           9          11  0.127264965341384     
          10          11   1.62950664058632     
           5          12   1.12595268539252     
          10          12   1.13278734173810     
          11          12  0.143613153636541     
          12          13  0.983705219768772     
           9          14  0.985864555394492     
           1          15  0.981018454514851     
           1          16  0.970479882461310     
           1          17  0.970468579835570     
           3          18  0.962845044112506     
          13          19  0.975727393494853     
          13          20  0.974708862389392     
          13          21  0.974748401611631     
          14          22  0.975789240951492     
          14          23  0.974223897989536     
          14          24  0.974196810129871     
