    0.02809206
   -0.11658388
    0.27890618
   -0.47825023
   -0.47223272
   -0.46191458
   -0.18215904
    0.28129269
    0.01963656
    0.07968503
   -0.35241527
   -0.17279494
    0.02292023
   -0.11548147
    0.26931664
   -0.42274930
   -0.17669984
   -0.39182418
   -0.23114244
    0.02408456
    0.36512836
   -0.11761953
    0.07216961
    0.06113932
    0.05611223
    0.05909720
    0.31769582
    0.19369396
    0.03990431
    0.04322778
    0.02366940
    0.17728547
    0.14467313
    0.20828839
    0.06926586
    0.06603271
    0.06555334
    0.04935580
    0.20569642
    0.09332811
    0.06056645
    0.05918879
    0.06173314
    0.16078995
   -0.00914036
   -0.03895670
   -0.01386282
   -0.02865805
   -0.01627584
    0.06797306
    0.05379048
    0.05763072
    0.06843130
    0.22347454
   -0.36725947
    0.03719103
