$coord
         -6.756868094634          0.425788277448         -0.240062936945     si
         -7.326793559685         -0.761928841954         -3.592186068048     c 
         -6.894779565169          0.698238888988         -4.970165278833     h 
         -9.282397105083         -1.314599917049         -3.867739395113     h 
         -6.151748945334         -2.389384356010         -4.021561722815     h 
         -7.269704637157         -2.225734227128          2.146781656491     c 
         -9.263774963610         -2.652551844726          2.366331377505     h 
         -6.540664442384         -1.701658150239          3.994277693830     h 
         -6.326234886775         -3.954498242234          1.568145962659     h 
         -8.691132422244          3.338323286983          0.533457938272     c 
         -0.542106203694          5.818952057199          1.303348460590     o 
         -8.322178762557          3.990204984621          2.442581369048     h 
        -10.698355069150          2.954140453617          0.373294508536     h 
         -8.237677053621          4.884719697895         -0.734659761646     h 
          0.991227964331          4.147607909493          0.998584822220     c 
          3.811135308233          4.359059277037          1.568853692995     c 
          4.710203072974          5.407903788610          0.037778314208     h 
          4.126554391245          5.405556724225          3.313220944528     h 
          0.570952674913          1.600691921456          0.081265463864     c 
         -1.681071513542          0.440656210170         -0.249766286820     c 
         -3.845965526561          1.608653509034          0.014888852178     o 
          3.678061610206         -4.156114253851          1.817503303713     c 
          3.067245744838          0.229695847286         -0.222600581703     c 
          4.763918921611          1.628094974451          1.691815407941     c 
          4.041255093615          0.579456373088         -2.948873917976     c 
         -1.943791954514         -2.027660796309         -0.847029767492     o 
          7.602901885844          1.315383444670          1.262491973861     c 
          6.830103581737         -0.096664669982         -3.168778475477     c 
          3.771270205186          2.549326383942         -3.498670316068     h 
          2.915939798509         -0.577645324177         -4.233482285123     h 
          8.379378127851          1.656255263690         -1.490748132299     c 
          8.161476536237         -0.578580550684          1.862148352331     h 
          8.609108778030          2.668482042860          2.453394294192     h 
          7.434481954686          0.081001724639         -5.133661573251     h 
          7.117621087875         -2.055125512574         -2.581800343046     h 
         10.391326639395          1.244599603921         -1.690045350588     h 
          8.080711523394          3.609595321046         -2.083277230582     h 
          2.326664405610         -6.647197389208          1.859735500161     c 
          2.557830434928         -2.484409259574          0.328849620069     c 
          5.382840695006         -3.864138068216          2.883485248402     h 
          0.235813363560         -3.609162938521         -0.897734070054     c 
         -0.227486165978         -6.044262004002          0.618362995984     c 
         -0.929364998413         -7.576760597574         -0.557627998225     h 
         -1.638147541147         -5.630007163195          2.061892569231     h 
          2.118405750466         -7.383541419183          3.773165525858     h 
          3.377073275409         -8.046725063923          0.760589037216     h 
          0.614120407971         -4.037124622286         -2.897865084754     h 
          4.312333454389          0.888542079643          3.573588113367     h 
$end
