   33
         81          1         81
          8         82         89
         81         90        170
         41        171        211
          6        212        217
          8        218        225
         34        226        259
          2        260        261
          3        262        264
         16        265        280
         32        281        312
         30        313        342
          2        343        344
          3        345        347
          1        348        348
         19        349        367
         19        368        386
         51        387        437
         41        438        478
          5        479        483
          2        484        485
          1        486        486
          3        487        489
          1        490        490
          1        491        491
          4        492        495
          4        496        499
          2        500        501
          1        502        502
          4        503        506
          3        507        509
          1        510        510
         11        511        521
