           1           2  0.937238054888404     
           2           3  0.962744151503936     
           2           4  0.960169719754968     
           2           5  0.960656998730613     
           1           6  0.958878629733082     
           6           7  0.961373771501769     
           6           8  0.959377042380718     
           6           9  0.958547982429073     
           1          10  0.960456271892252     
          10          12  0.962460441793462     
          10          13  0.958922129299919     
          10          14  0.960133244470654     
          11          15   1.60406506672508     
          15          16  0.959221304484524     
          16          17  0.955300350116343     
          16          18  0.967918235530216     
          11          19  0.108229033596552     
          15          19   1.22781610336694     
          19          20   1.37809769678604     
           1          21  0.963778910519848     
          20          21   1.20976401593420     
          19          23  0.957657241603447     
          16          24  0.998480054305785     
          23          24  0.965551120333576     
          23          25  0.960830334315643     
          20          26   1.16140628540725     
          24          27  0.999700783733849     
          25          28   1.01000752908394     
          25          29  0.971470473922542     
          25          30  0.972278789117576     
          27          31   1.01096862506136     
          28          31   1.01209712120476     
          27          32  0.974235725618120     
          27          33  0.975527814481911     
          28          34  0.977812186578514     
          28          35  0.974200700613712     
          31          36  0.978134009280035     
          31          37  0.973712938850538     
          22          38   1.01328123720513     
          22          39   1.88195944275496     
          23          39   1.00348284353709     
          22          40  0.968721937215862     
          26          41  0.946949805983376     
          39          41  0.982992915588157     
          38          42   1.00315723442028     
          41          42  0.988252469556786     
          42          43  0.979863316103655     
          42          44  0.973339769204631     
          38          45  0.971522861797969     
          38          46  0.963338848575511     
          41          47  0.955860520605070     
          24          48  0.971915113200260     
